1. (4, 3), (5, 2), (6, 3), (6, 7), (4, 7)
2. (3, 3), (7, 3), (9, 7), (1, 7)
3. (3, 3), (7, 4), (7, 6), (3, 6)
4. (1, 3), (5, 1), (9, 3), (9, 7), (5, 9), (1, 7)
5. (1, 3), (5, 1), (9, 3), (9, 7), (5, 9), (1, 7)
6. (1, 5), (5, 1), (9, 5)
7. (3, 3), (7, 4), (7, 6), (3, 6)
8. (3, 3), (7, 4), (7, 6), (3, 6)
9. (1, 5), (5, 1), (9, 5)
10. (1, 1), (9, 1), (9, 9), (1, 9)
11. (1, 5), (5, 1), (9, 5)
12. (3, 3), (7, 3), (9, 7), (1, 7)
13. (3, 3), (7, 3), (9, 7), (1, 7)
14. (4, 3), (5, 2), (6, 3), (6, 7), (4, 7)
15. (1, 3), (5, 1), (9, 3), (9, 7), (5, 9), (1, 7)
16. (3, 5), (5, 4), (5, 5)
17. (1, 1), (9, 1), (9, 9), (1, 9)
18. (1, 5), (5, 1), (9, 5)
19. (1, 3), (5, 1), (9, 3), (9, 7), (5, 9), (1, 7)
20. (1, 1), (9, 1), (9, 9), (1, 9)